9
53
106
117
188
319
344
409
434
488
514
520
525
711
750
771
916
949
964
1040
1049
1084
1104
1133
1139
1163
1169
1290
1291
1307
1403
1424
1489
1519
1535
1584
1654
1674
1679
1743
1796
1824
1827
1832
1876
1982
2045
2060
2103
2266
2286
2287
2340
2504
2547
2591
2615
2621
2646
2664
2677
2705
2803
2927
3150
3257
3258
3295
3432
3456
3470
3483
3527
3582
3593
3598
3608
3611
3657
3681
3733
3750
3752
3770
3811
3814
3923
3946
4010
4012
4040
4061
4119
4304
4315
4333
4339
4342
4371
4374
4386
4422
4506
4552
4554
4557
4741
4803
4808
4889
5038
5107
5155
5168
5310
5313
5514
5539
5573
5574
5635
5820
5881
5925
5930
5947
5977
6065
6118
6126
6201
6216
6224
6227
6252
6304
6482
6537
6543
6572
6873
6912
6916
6924
6932
7019
7123
7177
7359
7397
7428
7433
7517
7527
7573
7668
7787
7962
8005
8085
8179
8201
8279
8317
8348
8479
8645
8669
8689
8727
8751
8785
8797
8830
8835
8837
8928
8935
9007
9044
9064
9075
9125
9195
9197
9292
9295
9459
9560
9577
9638
9641
9654
9674
9763
9771
9813
9863
9891
9938
9977
9980
10133
10244
10280
